WAVE,FLUX,ERR,BGFLUX
3641.8542,1.2929041E-15,5.938906E-17,2.406196E-15
3647.3752,1.296019E-15,5.864464E-17,2.413554E-15
3652.8965,1.207319E-15,5.771724E-17,2.4994504E-15
3658.4175,1.2034491E-15,5.6877243E-17,2.4888407E-15
3663.9387,1.2339378E-15,5.608575E-17,2.4472336E-15
3669.4597,1.1922549E-15,5.4562365E-17,2.3404924E-15
3674.981,1.1871593E-15,5.4017098E-17,2.3868956E-15
3680.502,1.2542472E-15,5.347193E-17,2.3118665E-15
3686.0232,1.1994552E-15,5.26125E-17,2.3508836E-15
3691.5442,1.1695766E-15,5.160594E-17,2.312719E-15
3697.0654,1.1422906E-15,5.122544E-17,2.3967841E-15
3702.5864,1.1634096E-15,5.0529185E-17,2.3507335E-15
3708.1077,1.2225771E-15,4.9710104E-17,2.2327005E-15
3713.6287,1.1809689E-15,4.8576913E-17,2.1713825E-15
3719.15,1.2682162E-15,4.7965186E-17,2.0485034E-15
3724.671,9.044038E-16,4.5176826E-17,2.0687784E-15
3730.1921,1.0336799E-15,4.4837153E-17,1.9244277E-15
3735.7131,1.0430911E-15,4.4272675E-17,1.9009567E-15
3741.2344,1.0745917E-15,4.3999143E-17,1.8999906E-15
3746.7554,1.0549896E-15,4.3630184E-17,1.9480684E-15
3752.2766,1.058632E-15,4.3629105E-17,2.034372E-15
3757.7976,1.0702808E-15,4.3393988E-17,2.0664434E-15
3763.3188,1.0891323E-15,4.3667093E-17,2.1900793E-15
3768.8398,9.520544E-16,4.2821982E-17,2.2864744E-15
3774.361,9.867287E-16,4.2525117E-17,2.251029E-15
3779.882,8.5526563E-16,4.142976E-17,2.272678E-15
3785.4033,8.460465E-16,4.054894E-17,2.1837068E-15
3790.9243,8.7673527E-16,4.0038794E-17,2.1117743E-15
3796.4453,8.441319E-16,3.9455456E-17,2.106803E-15
3801.9666,7.702095E-16,3.833682E-17,2.0433342E-15
3807.4875,7.811972E-16,3.7724287E-17,1.9718904E-15
3813.0088,8.4151823E-16,3.6956468E-17,1.7975037E-15
3818.5298,8.939596E-16,3.6359634E-17,1.6662083E-15
3824.051,9.495334E-16,3.572797E-17,1.527083E-15
3829.572,9.782336E-16,3.5391392E-17,1.4758006E-15
3835.0933,9.725907E-16,3.5300975E-17,1.5233897E-15
3840.6143,1.0126371E-15,3.551476E-17,1.5861442E-15
3846.1355,9.039044E-16,3.4962645E-17,1.6743372E-15
3851.6565,8.739665E-16,3.4850635E-17,1.7521237E-15
3857.1777,9.160625E-16,3.465805E-17,1.7063015E-15
3862.6987,8.632608E-16,3.390882E-17,1.6711537E-15
3868.22,8.0856293E-16,3.3366213E-17,1.6838975E-15
3873.741,9.347193E-16,3.377186E-17,1.6580207E-15
3879.2622,7.618905E-16,3.287156E-17,1.7434947E-15
3884.7832,6.879362E-16,3.2587032E-17,1.8317689E-15
3890.3044,7.2117703E-16,3.288806E-17,1.9021025E-15
3895.8254,7.915592E-16,3.3210345E-17,1.9392436E-15
3901.3467,7.2376557E-16,3.3174323E-17,2.0688668E-15
3906.8677,8.027948E-16,3.3521676E-17,2.0919963E-15
3912.389,7.7639003E-16,3.2753788E-17,1.9987278E-15
3917.91,8.986057E-16,3.2225067E-17,1.7595119E-15
3923.4312,8.040584E-16,3.0785588E-17,1.6010526E-15
3928.9521,8.698942E-16,3.0336045E-17,1.4618942E-15
3934.4734,8.934931E-16,3.0207667E-17,1.4384268E-15
3939.9944,9.932414E-16,3.090441E-17,1.5029148E-15
3945.5156,1.0097084E-15,3.1414222E-17,1.6392313E-15
3951.0366,9.838115E-16,3.145858E-17,1.7283906E-15
3956.5579,1.0430461E-15,3.120091E-17,1.6304571E-15
3962.0789,1.0800063E-15,3.08342E-17,1.5346218E-15
3967.6,1.0839507E-15,3.0972345E-17,1.6034581E-15
3973.121,1.1040293E-15,3.1360422E-17,1.7146796E-15
3978.6423,1.1406222E-15,3.1761492E-17,1.8086555E-15
3984.1633,1.1440526E-15,3.2699455E-17,2.0803568E-15
3989.6843,1.1692181E-15,3.3501625E-17,2.3108027E-15
3995.2056,1.2178459E-15,3.3978267E-17,2.412546E-15
4000.7266,1.2497251E-15,3.4070236E-17,2.4411714E-15
4006.2478,1.2693771E-15,3.4188715E-17,2.4794865E-15
4011.7688,1.3190027E-15,3.4391804E-17,2.5193237E-15
4017.29,1.3178571E-15,3.4324276E-17,2.5432005E-15
4022.811,1.36859E-15,3.433713E-17,2.5245089E-15
4028.3323,1.3187398E-15,3.397541E-17,2.5299754E-15
4033.8533,1.3984013E-15,3.3756275E-17,2.403791E-15
4039.3745,1.3553818E-15,3.3574636E-17,2.450423E-15
4044.8955,1.4130687E-15,3.3281053E-17,2.3293315E-15
4050.4167,1.2768612E-15,3.2619308E-17,2.3611653E-15
4055.9377,1.2110719E-15,3.2189423E-17,2.363919E-15
4061.459,1.2236992E-15,3.188518E-17,2.294766E-15
4066.98,1.1930685E-15,3.163286E-17,2.298649E-15
4072.5012,1.1820552E-15,3.1376694E-17,2.2746125E-15
4078.0222,1.1488149E-15,3.131286E-17,2.345171E-15
4083.5435,1.0776886E-15,3.1105217E-17,2.415775E-15
4089.0645,1.1227439E-15,3.095391E-17,2.3466305E-15
4094.5857,1.0765638E-15,3.0621134E-17,2.3432504E-15
4100.107,1.1138115E-15,3.0746638E-17,2.3580122E-15
4105.628,1.1449677E-15,3.0701397E-17,2.3402786E-15
4111.149,1.0664125E-15,3.0351877E-17,2.3672909E-15
4116.67,1.1435699E-15,3.07814E-17,2.4164742E-15
4122.1914,1.237103E-15,3.0956152E-17,2.3721378E-15
4127.7124,1.1839E-15,3.0734928E-17,2.4045232E-15
4133.2334,1.2186279E-15,3.093728E-17,2.4484176E-15
4138.7544,1.2649585E-15,3.0810165E-17,2.3778243E-15
4144.276,1.2461254E-15,3.061198E-17,2.3688898E-15
4149.797,1.2516076E-15,3.070468E-17,2.4190818E-15
4155.318,1.318252E-15,3.0849595E-17,2.3976004E-15
4160.839,1.3013368E-15,3.0624446E-17,2.3800307E-15
4166.3604,1.3363443E-15,3.0618064E-17,2.3579375E-15
4171.8813,1.3245229E-15,3.0565644E-17,2.3803263E-15
4177.4023,1.3142193E-15,3.0198958E-17,2.3070511E-15
4182.9233,1.2637354E-15,2.9923593E-17,2.3165142E-15
4188.4443,1.3135882E-15,2.9814676E-17,2.2345693E-15
4193.966,1.2694111E-15,2.9653456E-17,2.2669975E-15
4199.487,1.2051964E-15,2.9432115E-17,2.3137383E-15
4205.008,1.2114756E-15,2.9402883E-17,2.315952E-15
4210.529,1.2179423E-15,2.9103817E-17,2.2380315E-15
4216.0503,1.181071E-15,2.8891192E-17,2.245478E-15
4221.5713,1.1804814E-15,2.8854356E-17,2.2564316E-15
4227.0923,1.1670363E-15,2.854673E-17,2.2064507E-15
4232.6133,1.2136729E-15,2.8555744E-17,2.16288E-15
4238.135,1.1367421E-15,2.816945E-17,2.1721849E-15
4243.656,1.0932104E-15,2.7891038E-17,2.1656864E-15
4249.177,1.1481702E-15,2.8060008E-17,2.164267E-15
4254.6978,1.10611E-15,2.7802308E-17,2.1603544E-15
4260.219,1.0967368E-15,2.785626E-17,2.1938109E-15
4265.74,1.0488776E-15,2.7430366E-17,2.1485918E-15
4271.261,1.011013E-15,2.721826E-17,2.1519789E-15
4276.782,1.0641338E-15,2.7185266E-17,2.0869035E-15
4282.3037,1.0261543E-15,2.680222E-17,2.0401462E-15
4287.8247,9.863729E-16,2.6327025E-17,1.9700525E-15
4293.3457,9.761864E-16,2.5961126E-17,1.8920742E-15
4298.8667,9.483835E-16,2.5401808E-17,1.7860734E-15
4304.388,9.03309E-16,2.5003193E-17,1.7515332E-15
4309.909,8.7892035E-16,2.5077755E-17,1.8188565E-15
4315.43,8.7902697E-16,2.5176023E-17,1.8626051E-15
4320.951,8.6971294E-16,2.5276424E-17,1.9194347E-15
4326.4727,8.801017E-16,2.5653399E-17,2.0240841E-15
4331.9937,8.7556165E-16,2.5649845E-17,2.0451545E-15
4337.5146,8.2291585E-16,2.5385354E-17,2.0602912E-15
4343.0356,8.2667726E-16,2.5423361E-17,2.077748E-15
4348.557,7.8059285E-16,2.5231762E-17,2.0987554E-15
4354.078,7.722137E-16,2.5278587E-17,2.1368388E-15
4359.599,8.278875E-16,2.552662E-17,2.1471269E-15
4365.12,7.7360795E-16,2.5358874E-17,2.1855824E-15
4370.641,7.6631674E-16,2.524678E-17,2.1752736E-15
4376.1626,7.5234E-16,2.5001514E-17,2.1346427E-15
4381.6836,7.0909644E-16,2.4650101E-17,2.1064377E-15
4387.2046,7.744262E-16,2.4711685E-17,2.047062E-15
4392.7256,7.876028E-16,2.4660583E-17,2.0278538E-15
4398.247,7.6585347E-16,2.4608072E-17,2.0544094E-15
4403.768,7.5183476E-16,2.475707E-17,2.1285868E-15
4409.289,7.184381E-16,2.4668999E-17,2.1632478E-15
4414.81,7.5313755E-16,2.49088E-17,2.1985793E-15
4420.3315,7.8420454E-16,2.5018134E-17,2.1990589E-15
4425.8525,7.8206875E-16,2.5204963E-17,2.2715886E-15
4431.3735,7.888565E-16,2.5204987E-17,2.2749128E-15
4436.8945,8.2393187E-16,2.5314443E-17,2.2729816E-15
4442.416,8.419246E-16,2.5253415E-17,2.2400409E-15
4447.937,8.316201E-16,2.5088598E-17,2.2157982E-15
4453.458,8.4635045E-16,2.5132338E-17,2.2205286E-15
4458.979,8.882472E-16,2.5224206E-17,2.2024034E-15
4464.5005,8.491054E-16,2.5160338E-17,2.2481152E-15
4470.0215,8.4147286E-16,2.5034735E-17,2.2314352E-15
4475.5425,8.886407E-16,2.5169035E-17,2.2212827E-15
4481.0635,8.6384623E-16,2.5160687E-17,2.2646993E-15
4486.585,8.0724723E-16,2.495526E-17,2.2931022E-15
4492.106,7.460804E-16,2.4895266E-17,2.3756782E-15
4497.627,7.849939E-16,2.496669E-17,2.3513696E-15
4503.148,7.4726803E-16,2.4868085E-17,2.3844107E-15
4508.6694,7.9943896E-16,2.4970758E-17,2.3558894E-15
4514.1904,7.760911E-16,2.4699497E-17,2.3160627E-15
4519.7114,7.821407E-16,2.4801922E-17,2.348711E-15
4525.2324,7.9361264E-16,2.456449E-17,2.270805E-15
4530.754,8.3751134E-16,2.4586983E-17,2.2280217E-15
4536.275,8.132904E-16,2.4380146E-17,2.2067356E-15
4541.796,8.6291106E-16,2.4550646E-17,2.2014825E-15
4547.317,8.3025847E-16,2.4475288E-17,2.2341178E-15
4552.838,8.7871134E-16,2.475972E-17,2.2560392E-15
4558.3594,8.922109E-16,2.4738606E-17,2.2399234E-15
4563.8804,8.6363966E-16,2.47028E-17,2.2758867E-15
4569.4014,8.681932E-16,2.4705638E-17,2.2796115E-15
4574.9224,9.429529E-16,2.472949E-17,2.1951043E-15
4580.444,9.776264E-16,2.4697029E-17,2.1487547E-15
4585.965,9.535757E-16,2.4821975E-17,2.229042E-15
4591.486,9.637032E-16,2.4812136E-17,2.22559E-15
4597.007,9.486718E-16,2.4682313E-17,2.2129822E-15
4602.5283,9.440952E-16,2.4691419E-17,2.2310253E-15
4608.0493,9.111508E-16,2.4569251E-17,2.2464063E-15
4613.5703,9.893326E-16,2.4767774E-17,2.2110198E-15
4619.0913,9.489249E-16,2.4720518E-17,2.2607146E-15
4624.613,8.7483934E-16,2.4449044E-17,2.2881341E-15
4630.134,9.958771E-16,2.4800286E-17,2.2400417E-15
4635.655,9.155225E-16,2.4394824E-17,2.2275743E-15
4641.176,9.162319E-16,2.417905E-17,2.178049E-15
4646.6973,9.31067E-16,2.4234494E-17,2.1831599E-15
4652.2183,9.475805E-16,2.4218483E-17,2.164054E-15
4657.7393,9.339831E-16,2.407871E-17,2.1444064E-15
4663.2603,8.928724E-16,2.3833633E-17,2.130917E-15
4668.7817,9.276096E-16,2.3867423E-17,2.1019699E-15
4674.3027,9.357031E-16,2.3885727E-17,2.1028262E-15
4679.8237,9.147419E-16,2.3788368E-17,2.108395E-15
4685.3447,9.560475E-16,2.3992718E-17,2.1247013E-15
4690.866,9.209116E-16,2.382334E-17,2.127345E-15
4696.387,9.574914E-16,2.3804746E-17,2.075578E-15
4701.908,1.0074756E-15,2.3921342E-17,2.0502638E-15
4707.429,9.681481E-16,2.3796312E-17,2.0721727E-15
4712.9507,9.254921E-16,2.358725E-17,2.0719682E-15
4718.4717,9.000929E-16,2.3499308E-17,2.0831933E-15
4723.9927,9.018011E-16,2.3503257E-17,2.0878632E-15
4729.5137,9.061676E-16,2.3594032E-17,2.1174576E-15
4735.0347,8.1528504E-16,2.3189479E-17,2.1208288E-15
4740.556,8.20633E-16,2.3192432E-17,2.1208424E-15
4746.077,8.5601716E-16,2.311899E-17,2.0559876E-15
4751.598,7.531079E-16,2.2751087E-17,2.0874845E-15
4757.119,7.5545826E-16,2.2865022E-17,2.1248662E-15
4762.6406,7.8224403E-16,2.2816844E-17,2.0775192E-15
4768.1616,7.1191166E-16,2.2626985E-17,2.12259E-15
4773.6826,7.5394053E-16,2.2626672E-17,2.0668987E-15
4779.2036,7.489422E-16,2.2628583E-17,2.0796999E-15
4784.725,7.6511835E-16,2.2659445E-17,2.071329E-15
4790.246,7.6232E-16,2.2685324E-17,2.0876143E-15
4795.767,7.6279626E-16,2.271234E-17,2.0996246E-15
4801.288,8.1731834E-16,2.2892048E-17,2.0833845E-15
4806.8096,7.967659E-16,2.284275E-17,2.1018993E-15
4812.3306,8.2678616E-16,2.2941029E-17,2.0976811E-15
4817.8516,7.791525E-16,2.2533141E-17,2.0383456E-15
4823.3726,8.209994E-16,2.2719996E-17,2.0424275E-15
4828.894,7.745891E-16,2.2661223E-17,2.0921786E-15
4834.415,7.7879825E-16,2.2516367E-17,2.0451352E-15
4839.936,6.928977E-16,2.2109534E-17,2.0422233E-15
4845.457,7.4201876E-16,2.2096509E-17,1.9744493E-15
4850.9785,7.5775467E-16,2.1982328E-17,1.9206218E-15
4856.4995,7.473757E-16,2.1744411E-17,1.8664043E-15
4862.0205,6.6406213E-16,2.1448732E-17,1.8976947E-15
4867.5415,6.822981E-16,2.1418558E-17,1.8676448E-15
4873.063,7.2573275E-16,2.1406983E-17,1.8065597E-15
4878.584,7.3688674E-16,2.163187E-17,1.8612234E-15
4884.105,8.035258E-16,2.2057238E-17,1.9038419E-15
4889.626,7.5841525E-16,2.1961594E-17,1.9350552E-15
4895.1475,8.061069E-16,2.2210334E-17,1.9504867E-15
4900.6685,7.618881E-16,2.2043154E-17,1.9646696E-15
4906.1895,7.372203E-16,2.1867532E-17,1.9470562E-15
4911.7104,7.7151165E-16,2.2030607E-17,1.9524848E-15
4917.232,7.663116E-16,2.1861374E-17,1.9155455E-15
4922.753,7.124259E-16,2.165104E-17,1.925945E-15
4928.274,6.7561275E-16,2.1397267E-17,1.9026677E-15
4933.795,6.47228E-16,2.140884E-17,1.9500975E-15
4939.316,6.644713E-16,2.1363048E-17,1.913596E-15
4944.8374,6.4347764E-16,2.1432346E-17,1.9662093E-15
4950.3584,6.024741E-16,2.1154368E-17,1.9411319E-15
4955.8794,6.1529866E-16,2.1156084E-17,1.9260521E-15
4961.4004,5.9449336E-16,2.1198985E-17,1.9744018E-15
4966.922,5.366159E-16,2.0877673E-17,1.9599186E-15
4972.443,5.393548E-16,2.0710915E-17,1.9067374E-15
4977.964,5.3733986E-16,2.077322E-17,1.93033E-15
4983.485,5.7550293E-16,2.0899171E-17,1.916748E-15
4989.0063,5.3877256E-16,2.0583713E-17,1.8782754E-15
4994.5273,5.5176764E-16,2.0550397E-17,1.8507975E-15
5000.0483,5.5353137E-16,2.0529668E-17,1.85191E-15
5005.5693,5.627724E-16,2.0488099E-17,1.8292504E-15
5011.091,5.6823306E-16,2.0426638E-17,1.8037317E-15
5016.612,5.8323846E-16,2.0460241E-17,1.7938703E-15
5022.133,5.342807E-16,2.0385583E-17,1.8438018E-15
5027.654,5.1693754E-16,2.0270794E-17,1.8374847E-15
5033.1753,5.455691E-16,2.0327464E-17,1.8158682E-15
5038.6963,5.6127114E-16,2.0426798E-17,1.8247385E-15
5044.2173,5.5248545E-16,2.0405854E-17,1.8341527E-15
5049.7383,5.5577855E-16,2.0448287E-17,1.8440869E-15
5055.26,5.297718E-16,2.0429007E-17,1.877476E-15
5060.781,5.5415855E-16,2.0455644E-17,1.8510687E-15
5066.302,5.4708974E-16,2.0344778E-17,1.8318153E-15
5071.8228,5.180816E-16,2.025679E-17,1.8463148E-15
5077.344,5.5899426E-16,2.0345854E-17,1.815899E-15
5082.865,5.652264E-16,2.0394035E-17,1.8227067E-15
5088.386,5.74123E-16,2.0479147E-17,1.837218E-15
5093.907,5.795573E-16,2.0447658E-17,1.822048E-15
5099.4287,5.612585E-16,2.0426198E-17,1.841522E-15
5104.9497,5.769134E-16,2.045328E-17,1.82981E-15
5110.4707,5.390204E-16,2.029887E-17,1.8402494E-15
5115.9917,5.6153827E-16,2.0250751E-17,1.7976282E-15
5121.5127,5.7021893E-16,2.0268888E-17,1.7932518E-15
5127.034,5.795772E-16,2.0314287E-17,1.7952258E-15
5132.555,6.05435E-16,2.034596E-17,1.7704294E-15
5138.076,6.2114107E-16,2.034171E-17,1.7466259E-15
5143.597,6.135817E-16,2.0306822E-17,1.7490591E-15
5149.1187,6.179152E-16,2.0400148E-17,1.7736439E-15
5154.6396,6.295623E-16,2.016981E-17,1.6903399E-15
5160.1606,6.514418E-16,2.0106411E-17,1.6415685E-15
5165.6816,6.1934853E-16,1.9951919E-17,1.6462017E-15
5171.203,6.5271374E-16,1.9944817E-17,1.598272E-15
5176.724,6.694652E-16,2.006746E-17,1.6107432E-15
5182.245,6.3144575E-16,1.9910772E-17,1.6226331E-15
5187.766,6.7534773E-16,2.0228876E-17,1.6523812E-15
5193.2876,7.1441755E-16,2.0616221E-17,1.714488E-15
5198.8086,6.8247906E-16,2.0625873E-17,1.7629122E-15
5204.3296,6.5110094E-16,2.060286E-17,1.801635E-15
5209.8506,6.812059E-16,2.0630283E-17,1.7699639E-15
5215.372,6.567175E-16,2.0515522E-17,1.7707347E-15
5220.893,6.7485095E-16,2.047483E-17,1.7354079E-15
5226.414,7.073794E-16,2.054656E-17,1.7123743E-15
5231.935,6.8965004E-16,2.0537712E-17,1.7373201E-15
5237.4565,6.971306E-16,2.052481E-17,1.7253783E-15
5242.9775,6.6158186E-16,2.0411155E-17,1.7403288E-15
5248.4985,6.38175E-16,2.038952E-17,1.7688966E-15
5254.0195,6.790553E-16,2.0325044E-17,1.6932119E-15
5259.541,6.4052526E-16,2.0216312E-17,1.7142689E-15
5265.062,6.48636E-16,2.0173003E-17,1.6903885E-15
5270.583,6.899321E-16,2.0148156E-17,1.6299426E-15
5276.104,6.273291E-16,2.0096815E-17,1.7039865E-15
5281.6255,6.832626E-16,2.031148E-17,1.6884747E-15
5287.1465,6.9830905E-16,2.0499536E-17,1.7241391E-15
5292.6675,7.0293025E-16,2.051703E-17,1.7274445E-15
5298.1885,6.847923E-16,2.0550106E-17,1.7626207E-15
5303.7095,7.255002E-16,2.0708108E-17,1.7514101E-15
5309.231,6.627814E-16,2.0437922E-17,1.7587982E-15
5314.752,7.0642765E-16,2.0631799E-17,1.7560442E-15
5320.273,7.282484E-16,2.2380854E-17,1.7019538E-15
5325.794,6.7639954E-16,2.0313218E-17,1.7034665E-15
5331.3154,6.756003E-16,2.0281787E-17,1.7007712E-15
5336.8364,6.7738056E-16,2.0180727E-17,1.6655766E-15
5342.3574,6.746471E-16,2.023519E-17,1.6845965E-15
5347.8784,6.174088E-16,2.0112763E-17,1.7298375E-15
5353.4,5.4111525E-16,1.9925636E-17,1.7835155E-15
5358.921,5.4520456E-16,1.9781358E-17,1.73569E-15
5364.442,5.7503606E-16,1.9837801E-17,1.7104261E-15
5369.963,5.483342E-16,1.9876897E-17,1.7625387E-15
5375.4844,5.218091E-16,1.9599499E-17,1.7182683E-15
5381.0054,4.939808E-16,1.9463841E-17,1.7198986E-15
5386.5264,5.481647E-16,1.962686E-17,1.690878E-15
5392.0474,5.452936E-16,1.9471294E-17,1.6535172E-15
5397.569,5.3839124E-16,1.9380288E-17,1.6374025E-15
5403.09,5.2055765E-16,1.9311044E-17,1.6424065E-15
5408.611,5.1731727E-16,1.9423122E-17,1.6799403E-15
5414.132,4.795227E-16,1.9282533E-17,1.6949693E-15
5419.6533,4.8947604E-16,1.9367757E-17,1.7053746E-15
5425.1743,5.708059E-16,1.971794E-17,1.6904879E-15
5430.6953,5.697789E-16,1.9665524E-17,1.6758386E-15
5436.2163,5.6880756E-16,1.9701267E-17,1.6875238E-15
5441.738,5.6292084E-16,1.9720623E-17,1.7034088E-15
5447.259,5.4999734E-16,1.960335E-17,1.6959422E-15
5452.78,5.4687846E-16,1.9637147E-17,1.7086808E-15
5458.301,5.5869573E-16,1.9642699E-17,1.6934922E-15
5463.8223,5.2799306E-16,1.94465E-17,1.6797676E-15
5469.3433,5.5463394E-16,1.9552765E-17,1.6730328E-15
5474.8643,5.77971E-16,1.970691E-17,1.6853201E-15
5480.3853,5.820425E-16,1.9678875E-17,1.6700818E-15
5485.9067,6.315424E-16,1.9884545E-17,1.660009E-15
5491.4277,5.7378997E-16,1.9668024E-17,1.6751776E-15
5496.9487,5.030453E-16,1.948475E-17,1.7220429E-15
5502.4697,5.517386E-16,1.9685608E-17,1.7091179E-15
5507.9907,5.551753E-16,1.9593416E-17,1.6778165E-15
5513.512,5.0584606E-16,1.9461598E-17,1.7098095E-15
5519.033,5.5315577E-16,1.9573108E-17,1.6756042E-15
5524.554,5.617589E-16,1.9515093E-17,1.6467553E-15
5530.075,5.2702364E-16,1.9535175E-17,1.7012049E-15
5535.5967,4.7126414E-16,1.933668E-17,1.723318E-15
5541.1177,4.8814943E-16,1.9279472E-17,1.6830038E-15
5546.6387,5.162043E-16,1.9380838E-17,1.6704959E-15
5552.1597,4.5646097E-16,1.9201483E-17,1.7051934E-15
5557.681,4.458556E-16,1.9331909E-17,1.7576743E-15
5563.202,4.1787335E-16,1.9982933E-17,1.9882491E-15
5568.723,4.3861317E-16,2.0517945E-17,2.1186335E-15
5574.244,4.7270733E-16,2.043134E-17,2.042177E-15
5579.7656,4.570607E-16,2.0464453E-17,2.0767484E-15
5585.2866,4.663712E-16,2.0526065E-17,2.0793562E-15
5590.8076,4.821864E-16,2.0257E-17,1.9755815E-15
5596.3286,5.1982147E-16,1.9602321E-17,1.7282655E-15
5601.85,5.046304E-16,1.9273328E-17,1.6541464E-15
5607.371,5.276714E-16,1.9461485E-17,1.6742798E-15
5612.892,5.550508E-16,1.9507649E-17,1.6489797E-15
5618.413,5.2079265E-16,1.941159E-17,1.6689413E-15
5623.9346,5.362805E-16,1.9459396E-17,1.6596552E-15
5629.4556,5.792665E-16,1.9574614E-17,1.6301214E-15
5634.9766,5.8551094E-16,1.9691814E-17,1.6545085E-15
5640.4976,5.769446E-16,1.9704001E-17,1.6704761E-15
5646.019,5.4228923E-16,1.9523977E-17,1.6646683E-15
5651.54,5.2908717E-16,1.9455986E-17,1.6644846E-15
5657.061,5.2070604E-16,1.9451513E-17,1.6743948E-15
5662.582,5.2204467E-16,1.9448154E-17,1.6712082E-15
5668.1035,5.205284E-16,1.946474E-17,1.678723E-15
5673.6245,5.750193E-16,1.9598142E-17,1.6380919E-15
5679.1455,5.6444153E-16,1.960096E-17,1.6556677E-15
5684.6665,6.15273E-16,1.9852035E-17,1.6559552E-15
5690.1875,5.611514E-16,1.9531999E-17,1.6413186E-15
5695.709,5.433977E-16,1.9447044E-17,1.6408122E-15
5701.23,5.462224E-16,1.9464274E-17,1.6427914E-15
5706.751,5.6240166E-16,1.942691E-17,1.6074026E-15
5712.272,5.461624E-16,1.9449595E-17,1.6377303E-15
5717.7935,5.370763E-16,1.9341241E-17,1.6202198E-15
5723.3145,5.9809573E-16,1.952674E-17,1.5875784E-15
5728.8354,6.104622E-16,1.965934E-17,1.6079916E-15
5734.3564,5.6344176E-16,1.9638522E-17,1.6678009E-15
5739.878,5.7193396E-16,1.951919E-17,1.6204758E-15
5745.399,5.5776934E-16,1.9471918E-17,1.6273414E-15
5750.92,6.1070287E-16,1.969078E-17,1.6146284E-15
5756.441,5.3674E-16,1.9383707E-17,1.6318137E-15
5761.9624,5.7402406E-16,1.9448604E-17,1.5979285E-15
5767.4834,5.7927546E-16,1.9599406E-17,1.6344064E-15
5773.0044,5.777707E-16,1.9365678E-17,1.5706971E-15
5778.5254,5.310868E-16,1.9249201E-17,1.6047004E-15
5784.047,5.769069E-16,1.9414495E-17,1.5865738E-15
5789.568,5.9356485E-16,1.9433315E-17,1.5718461E-15
5795.089,5.478298E-16,1.9393747E-17,1.6241253E-15
5800.61,5.335313E-16,1.9311972E-17,1.622898E-15
5806.1313,5.5743106E-16,1.9445003E-17,1.6276908E-15
5811.6523,5.1795557E-16,1.9366163E-17,1.6614924E-15
5817.1733,5.605542E-16,1.9423031E-17,1.6195217E-15
5822.6943,5.560255E-16,1.9447589E-17,1.6346307E-15
5828.216,5.4756905E-16,1.9386126E-17,1.6279303E-15
5833.737,5.455821E-16,1.9373639E-17,1.6281621E-15
5839.258,5.3347877E-16,1.9364019E-17,1.6427692E-15
5844.779,5.1977674E-16,1.9274398E-17,1.6347773E-15
5850.3003,4.9449683E-16,1.9194815E-17,1.6464203E-15
5855.8213,4.986081E-16,1.9205511E-17,1.6441224E-15
5861.3423,5.245876E-16,1.9247573E-17,1.6205751E-15
5866.8633,4.9807655E-16,1.9194897E-17,1.6444971E-15
5872.3843,4.916539E-16,1.9224013E-17,1.6641844E-15
5877.906,4.88154E-16,1.9402257E-17,1.7209823E-15
5883.427,4.7847737E-16,1.9345409E-17,1.7226356E-15
5888.9478,4.4363719E-16,1.9087945E-17,1.7025249E-15
5894.4688,4.5752935E-16,1.9172338E-17,1.70633E-15
5899.99,4.3014326E-16,1.9119787E-17,1.7317408E-15
5905.511,4.4015122E-16,1.8994236E-17,1.6823839E-15
5911.032,4.8432635E-16,1.9061191E-17,1.6393262E-15
5916.553,4.730787E-16,1.908515E-17,1.663962E-15
5922.0747,4.6234356E-16,1.8971735E-17,1.648535E-15
5927.5957,4.580421E-16,1.8958257E-17,1.6550837E-15
5933.1167,4.528217E-16,1.897384E-17,1.6629312E-15
5938.6377,4.724785E-16,1.9044631E-17,1.6573378E-15
5944.159,4.910791E-16,1.9046638E-17,1.6312836E-15
5949.68,4.8419474E-16,1.898704E-17,1.6240038E-15
5955.201,4.512807E-16,1.8889223E-17,1.6423492E-15
5960.722,4.990608E-16,1.9046404E-17,1.6197676E-15
5966.2437,4.751347E-16,1.8971543E-17,1.6336035E-15
5971.7646,4.586021E-16,1.8854618E-17,1.6228691E-15
5977.2856,4.84235E-16,1.8959564E-17,1.6179047E-15
5982.8066,4.8779373E-16,1.8909425E-17,1.5981151E-15
5988.328,4.812225E-16,1.8825425E-17,1.5868373E-15
5993.849,5.22779E-16,1.8950708E-17,1.5625663E-15
5999.37,5.017224E-16,1.8797125E-17,1.5490798E-15
6004.891,5.2826274E-16,1.8816293E-17,1.5176384E-15
6010.4126,5.032113E-16,1.8768937E-17,1.5429669E-15
6015.9336,5.3876605E-16,1.8941412E-17,1.5401694E-15
6021.4546,5.242484E-16,1.8858881E-17,1.5392692E-15
6026.9756,5.280272E-16,1.8811636E-17,1.5186743E-15
6032.497,5.078531E-16,1.8745024E-17,1.530791E-15
6038.018,5.1036546E-16,1.8784215E-17,1.5390883E-15
6043.539,5.118572E-16,1.8724184E-17,1.5283326E-15
6049.06,5.4553517E-16,1.8836262E-17,1.5101555E-15
6054.581,5.276568E-16,1.8817727E-17,1.5306128E-15
6060.1025,4.7670374E-16,1.8637918E-17,1.5527016E-15
6065.6235,5.2059513E-16,1.8781644E-17,1.531595E-15
6071.1445,5.272627E-16,1.8770404E-17,1.5181532E-15
6076.6655,5.46488E-16,1.8778454E-17,1.4939534E-15
6082.187,5.576065E-16,1.8804388E-17,1.4869239E-15
6087.708,5.2679017E-16,1.8694065E-17,1.5005029E-15
6093.229,5.3838086E-16,1.8744449E-17,1.500118E-15
6098.75,5.537089E-16,1.8741244E-17,1.4767476E-15
6104.2715,5.3106996E-16,1.863314E-17,1.4819309E-15
6109.7925,5.118101E-16,1.8593159E-17,1.4968228E-15
6115.3135,5.128389E-16,1.862084E-17,1.5052597E-15
6120.8345,5.4699323E-16,1.869037E-17,1.4749502E-15
6126.356,5.145749E-16,1.8578384E-17,1.488158E-15
6131.877,5.053508E-16,1.853197E-17,1.4898662E-15
6137.398,5.266547E-16,1.8530366E-17,1.4575841E-15
6142.919,4.9372995E-16,1.8447069E-17,1.4826955E-15
6148.4404,5.293545E-16,1.8445611E-17,1.4309018E-15
6153.9614,5.184659E-16,1.8397223E-17,1.4325326E-15
6159.4824,5.1257166E-16,1.8488403E-17,1.4674582E-15
6165.0034,4.810991E-16,1.8287407E-17,1.4565077E-15
6170.525,4.6646316E-16,1.8283812E-17,1.4779349E-15
6176.046,4.741642E-16,1.8298937E-17,1.4722423E-15
6181.567,4.759533E-16,1.8341087E-17,1.4809867E-15
6187.088,4.3225378E-16,1.8259191E-17,1.5238347E-15
6192.6094,4.5185317E-16,1.8149267E-17,1.464608E-15
6198.1304,4.334691E-16,1.8056105E-17,1.4669302E-15
6203.6514,4.0424698E-16,1.8013782E-17,1.4987971E-15
6209.1724,3.8576313E-16,1.7808358E-17,1.4717732E-15
6214.694,3.7426198E-16,1.779573E-17,1.4845574E-15
6220.215,3.0834133E-16,1.748592E-17,1.5014615E-15
6225.736,3.267997E-16,1.7656835E-17,1.5193946E-15
6231.257,3.547687E-16,1.7670987E-17,1.4817522E-15
6236.7783,3.3401974E-16,1.7521738E-17,1.4738632E-15
6242.2993,2.8577706E-16,1.7376479E-17,1.5068282E-15
6247.8203,2.597132E-16,1.7363752E-17,1.5422699E-15
6253.3413,2.7642272E-16,1.728897E-17,1.4986029E-15
6258.8623,2.6151507E-16,1.723624E-17,1.5074501E-15
6264.384,2.6032957E-16,1.7137285E-17,1.4858555E-15
6269.905,2.6682718E-16,1.7113831E-17,1.4731237E-15
6275.426,2.9558827E-16,1.713119E-17,1.4379334E-15
6280.947,2.528805E-16,1.7426925E-17,1.5802752E-15
6286.4683,2.8845387E-16,1.8916195E-17,1.942379E-15
6291.9893,2.9270343E-16,1.9330986E-17,2.0577005E-15
6297.5103,3.2639417E-16,1.9412736E-17,2.0350593E-15
6303.0312,3.1333906E-16,1.9224342E-17,1.9959997E-15
6308.5527,2.9776242E-16,1.9300511E-17,2.0403757E-15
6314.0737,2.9038092E-16,1.860572E-17,1.8506761E-15
6319.5947,3.2740703E-16,1.7648702E-17,1.5299435E-15
6325.1157,3.6873594E-16,1.7454937E-17,1.4178987E-15
6330.637,3.645925E-16,1.7423734E-17,1.4153406E-15
6336.158,3.6458707E-16,1.7496991E-17,1.4368909E-15
6341.679,3.5438689E-16,1.7530743E-17,1.4605084E-15
6347.2,3.7715E-16,1.7926483E-17,1.5366071E-15
6352.7217,4.0537083E-16,1.8254053E-17,1.5852514E-15
6358.2427,4.06452E-16,1.825036E-17,1.5849386E-15
6363.7637,4.0605444E-16,1.8265634E-17,1.5910301E-15
6369.2847,4.032894E-16,1.8331557E-17,1.6135743E-15
6374.806,4.1860884E-16,1.835558E-17,1.5998866E-15
6380.327,4.3803727E-16,1.8016293E-17,1.478169E-15
6385.848,4.59275E-16,1.7825832E-17,1.3958105E-15
6391.369,4.551133E-16,1.7768869E-17,1.3881084E-15
6396.8906,4.4987593E-16,1.7652863E-17,1.3652776E-15
6402.4116,4.4168832E-16,1.7683307E-17,1.3853579E-15
6407.9326,4.6790486E-16,1.7734105E-17,1.3626676E-15
6413.4536,4.573735E-16,1.7763497E-17,1.3858175E-15
6418.975,4.882202E-16,1.7767414E-17,1.3418374E-15
6424.496,4.8354194E-16,1.767909E-17,1.3260975E-15
6430.017,4.6955446E-16,1.7750302E-17,1.3665167E-15
6435.538,4.9655607E-16,1.787742E-17,1.3628592E-15
6441.059,4.773619E-16,1.7772715E-17,1.3619097E-15
6446.5806,4.918581E-16,1.7910404E-17,1.3804012E-15
6452.1016,4.906163E-16,1.7810678E-17,1.3538384E-15
6457.6226,4.690353E-16,1.7819522E-17,1.3922077E-15
6463.1436,4.6077E-16,1.7847077E-17,1.4100082E-15
6468.665,4.7304397E-16,1.7792145E-17,1.3791405E-15
6474.186,4.614745E-16,1.7819222E-17,1.4020246E-15
6479.707,4.3940652E-16,1.7635673E-17,1.3863289E-15
6485.228,4.5303314E-16,1.772344E-17,1.3875535E-15
6490.7495,4.5925756E-16,1.7720113E-17,1.376986E-15
6496.2705,4.4148424E-16,1.76416E-17,1.3799247E-15
6501.7915,4.918361E-16,1.7874015E-17,1.3694899E-15
6507.3125,4.7357676E-16,1.782738E-17,1.3837476E-15
6512.834,4.929483E-16,1.7804656E-17,1.3502973E-15
6518.355,4.6078296E-16,1.764462E-17,1.3532257E-15
6523.876,4.6931957E-16,1.7818547E-17,1.3873611E-15
6529.397,4.6758527E-16,1.785767E-17,1.3972069E-15
6534.9185,4.484906E-16,1.7742678E-17,1.3939167E-15
6540.4395,4.8299724E-16,1.7922398E-17,1.3911889E-15
6545.9604,4.8716814E-16,1.7871735E-17,1.3697109E-15
6551.4814,4.709216E-16,1.7759278E-17,1.3632708E-15
6557.003,4.7437016E-16,1.7689965E-17,1.3381919E-15
6562.524,4.8718333E-16,1.7724039E-17,1.3266165E-15
6568.045,4.9603043E-16,1.7758911E-17,1.3216545E-15
6573.566,5.0163377E-16,1.7733581E-17,1.3051338E-15
6579.0874,5.045693E-16,1.7718093E-17,1.2979608E-15
6584.6084,5.0173075E-16,1.775919E-17,1.3109298E-15
6590.1294,5.3287626E-16,1.7941946E-17,1.3143968E-15
6595.6504,4.7909094E-16,1.772948E-17,1.3306734E-15
6601.172,4.4120318E-16,1.7592246E-17,1.3453539E-15
6606.693,4.7443893E-16,1.7719066E-17,1.3314674E-15
6612.214,4.468731E-16,1.7486166E-17,1.3083143E-15
6617.735,4.623569E-16,1.7605404E-17,1.3169049E-15
6623.256,4.8538095E-16,1.7710264E-17,1.3086167E-15
6628.7773,4.7876245E-16,1.7672957E-17,1.308058E-15
6634.2983,4.1958537E-16,1.7431667E-17,1.326475E-15
6639.8193,4.784376E-16,1.7645225E-17,1.2931788E-15
6645.3403,4.4855186E-16,1.752625E-17,1.3053696E-15
6650.862,4.3033022E-16,1.7483236E-17,1.3164571E-15
6656.383,4.7391843E-16,1.7590954E-17,1.2816738E-15
6661.904,4.6822864E-16,1.7456085E-17,1.2512586E-15
6667.425,4.1238863E-16,1.737214E-17,1.308052E-15
6672.9463,4.408217E-16,1.7406524E-17,1.2753966E-15
6678.4673,4.6237003E-16,1.746989E-17,1.2603434E-15
6683.9883,4.0840832E-16,1.732007E-17,1.2966701E-15
6689.5093,4.175772E-16,1.736465E-17,1.2938413E-15
6695.031,4.3329637E-16,1.742527E-17,1.2863923E-15
6700.552,4.593023E-16,1.7529176E-17,1.2754948E-15
6706.0728,4.2634773E-16,1.7394965E-17,1.2898464E-15
6711.5938,4.3907546E-16,1.7431766E-17,1.2793014E-15
6717.115,4.3389165E-16,1.7469226E-17,1.2940393E-15
6722.636,4.2200338E-16,1.7353164E-17,1.2804278E-15
6728.157,4.3339439E-16,1.735868E-17,1.2651496E-15
6733.678,4.0417246E-16,1.7207423E-17,1.2668661E-15
6739.1997,4.0433176E-16,1.7271764E-17,1.2824543E-15
6744.7207,4.3642968E-16,1.746129E-17,1.2846449E-15
6750.2417,4.2290507E-16,1.7268616E-17,1.2535053E-15
6755.7627,4.0733526E-16,1.7126574E-17,1.2394463E-15
6761.284,4.3372558E-16,1.7271108E-17,1.2383981E-15
6766.805,4.4919073E-16,1.7376449E-17,1.243894E-15
6772.326,4.215534E-16,1.7274635E-17,1.2552403E-15
6777.847,3.9374922E-16,1.7119485E-17,1.2539906E-15
6783.3687,3.845186E-16,1.7070182E-17,1.2552649E-15
6788.8896,3.995216E-16,1.713279E-17,1.2490255E-15
6794.4106,4.3659998E-16,1.7372502E-17,1.2542066E-15
6799.9316,4.3592882E-16,1.7315496E-17,1.239964E-15
6805.453,3.8591835E-16,1.7145298E-17,1.2674973E-15
6810.974,4.2323542E-16,1.7301975E-17,1.2542341E-15
6816.495,3.815459E-16,1.7436408E-17,1.3478362E-15
6822.016,3.8056372E-16,1.7603581E-17,1.3926376E-15
6827.537,4.3494898E-16,1.7708516E-17,1.3403764E-15
6833.0586,4.084772E-16,1.7705459E-17,1.3785944E-15
6838.5796,3.8617484E-16,1.7583446E-17,1.3773702E-15
6844.1006,3.9373437E-16,1.7543536E-17,1.3545571E-15
6849.6216,3.9558644E-16,1.755003E-17,1.3564108E-15
6855.143,3.5871594E-16,1.7109746E-17,1.3034211E-15
6860.664,3.2575937E-16,1.671165E-17,1.261423E-15
6866.185,3.3334463E-16,1.6578013E-17,1.2391367E-15
6871.706,3.3115706E-16,1.6444726E-17,1.2241317E-15
6877.2275,3.5955485E-16,1.6346856E-17,1.1631568E-15
6882.7485,3.3228883E-16,1.5981244E-17,1.1001103E-15
6888.2695,3.8212883E-16,1.6228595E-17,1.0867791E-15
6893.7905,4.0624815E-16,1.6522635E-17,1.1222006E-15
6899.312,3.863069E-16,1.651301E-17,1.139021E-15
6904.833,3.317963E-16,1.6439723E-17,1.1855594E-15
6910.354,3.3157335E-16,1.6726899E-17,1.248822E-15
6915.875,3.7868006E-16,1.6902706E-17,1.2177205E-15
6921.3965,3.4938555E-16,1.68941E-17,1.2496198E-15
6926.9175,3.4469916E-16,1.6977784E-17,1.2718479E-15
6932.4385,3.507953E-16,1.6966121E-17,1.2551926E-15
6937.9595,3.3710506E-16,1.7094615E-17,1.3050746E-15
6943.481,3.9031858E-16,1.7175873E-17,1.2461159E-15
6949.002,3.671878E-16,1.7081543E-17,1.2550896E-15
6954.523,3.159379E-16,1.6937463E-17,1.2875679E-15
6960.044,3.3716628E-16,1.7009287E-17,1.272084E-15
6965.5654,3.4426617E-16,1.7049094E-17,1.2675589E-15
6971.0864,3.9874206E-16,1.712548E-17,1.2059948E-15
6976.6074,3.2997886E-16,1.7010572E-17,1.2750669E-15
6982.1284,3.5566916E-16,1.701805E-17,1.2355671E-15
6987.65,3.2984498E-16,1.6892929E-17,1.2407369E-15
6993.171,3.4342678E-16,1.6906793E-17,1.2201819E-15
6998.692,3.766149E-16,1.6983489E-17,1.1905157E-15
7004.213,3.3905202E-16,1.6850136E-17,1.2073827E-15
7009.734,3.5420292E-16,1.6803145E-17,1.1727831E-15
7015.2554,3.733241E-16,1.6854356E-17,1.155429E-15
7020.7764,3.2666763E-16,1.676751E-17,1.1983027E-15
7026.2974,3.4272443E-16,1.676579E-17,1.1710396E-15
7031.8184,3.0511225E-16,1.6661069E-17,1.1970956E-15
7037.34,3.414505E-16,1.673233E-17,1.1616545E-15
7042.861,3.6393173E-16,1.6814304E-17,1.1457067E-15
7048.382,3.7250577E-16,1.687715E-17,1.1487638E-15
7053.903,3.348378E-16,1.683252E-17,1.1868327E-15
7059.4243,3.409127E-16,1.6822994E-17,1.1756126E-15
7064.9453,3.57807E-16,1.6897376E-17,1.1664247E-15
7070.4663,3.2470299E-16,1.6753241E-17,1.175836E-15
7075.9873,3.4604133E-16,1.6779504E-17,1.1475606E-15
7081.509,3.73114E-16,1.6937094E-17,1.1466646E-15
7087.03,3.451839E-16,1.6915896E-17,1.1768598E-15
7092.551,3.3935862E-16,1.6877204E-17,1.1746995E-15
7098.072,3.5713686E-16,1.6847535E-17,1.1402769E-15
7103.5933,3.229136E-16,1.6712003E-17,1.153918E-15
7109.1143,3.3974113E-16,1.6712177E-17,1.127075E-15
7114.6353,3.5908045E-16,1.6898254E-17,1.1443631E-15
7120.1562,3.3002024E-16,1.6864145E-17,1.1741056E-15
7125.6777,3.680859E-16,1.6896527E-17,1.1273842E-15
7131.1987,3.3565817E-16,1.670724E-17,1.1262864E-15
7136.7197,3.3322173E-16,1.667476E-17,1.1183991E-15
7142.2407,3.1609888E-16,1.6658053E-17,1.1379595E-15
7147.762,3.0511924E-16,1.6614912E-17,1.1433143E-15
7153.283,3.2537482E-16,1.6672373E-17,1.12859E-15
7158.804,2.9786837E-16,1.6475454E-17,1.1201012E-15
7164.325,3.1075614E-16,1.6483455E-17,1.1055169E-15
7169.8467,3.3277555E-16,1.6385636E-17,1.0586544E-15
7175.3677,3.2433146E-16,1.6287029E-17,1.0502045E-15
7180.8887,3.2301808E-16,1.6214547E-17,1.0383541E-15
7186.4097,2.9354787E-16,1.6026997E-17,1.0373316E-15
7191.9307,2.9397856E-16,1.5834027E-17,9.929185E-16
7197.452,2.8304297E-16,1.5797945E-17,9.965874E-16
7202.973,3.1195485E-16,1.6020012E-17,1.0051075E-15
7208.494,3.0698528E-16,1.602846E-17,1.0069175E-15
7214.015,3.0027996E-16,1.6131015E-17,1.0345931E-15
7219.5366,3.1991603E-16,1.6242246E-17,1.0287562E-15
7225.0576,3.2324741E-16,1.6542274E-17,1.093694E-15
7230.5786,3.2772141E-16,1.7202753E-17,1.246051E-15
7236.0996,3.1228228E-16,1.7448267E-17,1.3287986E-15
7241.621,3.1378616E-16,1.7538019E-17,1.3500214E-15
7247.142,3.247002E-16,1.7588861E-17,1.3457746E-15
7252.663,2.8426878E-16,1.7387095E-17,1.3488325E-15
7258.184,3.0392365E-16,1.7326881E-17,1.3068305E-15
7263.7056,2.9794233E-16,1.7203324E-17,1.2816403E-15
7269.2266,3.055387E-16,1.7347888E-17,1.3070186E-15
7274.7476,3.365893E-16,1.7549411E-17,1.3117236E-15
7280.2686,3.4489207E-16,1.742361E-17,1.2665106E-15
7285.79,3.1108203E-16,1.756261E-17,1.3480468E-15
7291.311,2.9465036E-16,1.7439576E-17,1.335121E-15
7296.832,3.0787853E-16,1.7167568E-17,1.2470917E-15
7302.353,2.8105297E-16,1.6995317E-17,1.2402881E-15
7307.8745,3.1958635E-16,1.7237142E-17,1.2432524E-15
7313.3955,3.4463447E-16,1.744297E-17,1.2551909E-15
7318.9165,3.2051332E-16,1.7544082E-17,1.3079915E-15
7324.4375,3.3299637E-16,1.7607484E-17,1.3010288E-15
7329.959,2.5990454E-16,1.783541E-17,1.457242E-15
7335.48,3.0267253E-16,1.790021E-17,1.4091406E-15
7341.001,3.1593598E-16,1.7751119E-17,1.3501086E-15
7346.522,3.4116933E-16,1.7888047E-17,1.3468247E-15
7352.0435,3.2201006E-16,1.7880066E-17,1.3676373E-15
7357.5645,2.673216E-16,1.7587226E-17,1.3701803E-15
7363.0854,2.9655963E-16,1.7450445E-17,1.2922693E-15
7368.6064,3.073814E-16,1.741688E-17,1.2657709E-15
7374.128,2.8549553E-16,1.7297955E-17,1.265481E-15
7379.649,3.217535E-16,1.7322906E-17,1.2167583E-15
7385.17,2.8463568E-16,1.720354E-17,1.2352584E-15
7390.691,2.5301764E-16,1.7000319E-17,1.2298014E-15
7396.212,3.2901192E-16,1.721523E-17,1.1666042E-15
7401.7334,3.0709704E-16,1.7178703E-17,1.1845117E-15
7407.2544,3.101061E-16,1.7257712E-17,1.1969352E-15
7412.7754,2.824289E-16,1.7059818E-17,1.1834464E-15
7418.2964,2.9895874E-16,1.6982443E-17,1.1385736E-15
7423.818,2.8868373E-16,1.6726072E-17,1.0915824E-15
7429.339,2.9091823E-16,1.6926789E-17,1.1271502E-15
7434.86,2.9871072E-16,1.7056013E-17,1.141016E-15
7440.381,2.5881873E-16,1.6903442E-17,1.1587492E-15
7445.9023,2.8260074E-16,1.7119044E-17,1.1688314E-15
7451.4233,2.8683773E-16,1.698477E-17,1.1278177E-15
7456.9443,2.739401E-16,1.7210657E-17,1.1934958E-15
7462.4653,2.9316914E-16,1.7218577E-17,1.1612042E-15
7467.987,3.093068E-16,1.750281E-17,1.1974519E-15
7473.508,2.686839E-16,1.7700065E-17,1.2952359E-15
7479.029,2.6616896E-16,1.8966115E-17,1.2746984E-15
7484.55,3.346967E-16,1.7890156E-17,1.2391285E-15
7490.0713,3.106845E-16,1.7762587E-17,1.2342851E-15
7495.5923,3.1119556E-16,1.7623907E-17,1.1947731E-15
7501.1133,2.934066E-16,1.725648E-17,1.1304739E-15
7506.6343,2.7071837E-16,1.7233372E-17,1.1514071E-15
7512.156,3.0382262E-16,1.7608902E-17,1.1847609E-15
7517.677,3.0758204E-16,1.7844594E-17,1.2278182E-15
7523.1978,2.8411235E-16,1.8007487E-17,1.2936187E-15
7528.7188,2.8780575E-16,1.8146708E-17,1.31593E-15
7534.24,3.0206976E-16,1.8119479E-17,1.2838288E-15
7539.761,2.5054266E-16,1.778527E-17,1.2727937E-15
7545.282,2.7355567E-16,1.772963E-17,1.2222508E-15
7550.803,2.4355509E-16,1.7390108E-17,1.1820378E-15
7556.3247,2.6626213E-16,1.7382956E-17,1.1396236E-15
7561.8457,2.953916E-16,1.783988E-17,1.1965211E-15
7567.3667,3.164445E-16,1.8088614E-17,1.2181326E-15
7572.8877,2.8076715E-16,1.8024504E-17,1.2465872E-15
7578.4087,2.7324836E-16,1.8046111E-17,1.2619771E-15
7583.93,2.816419E-16,1.7673E-17,1.1710182E-15
7589.451,3.0851598E-16,1.7203898E-17,1.0646974E-15
7594.972,3.3405277E-16,1.6025226E-17,8.4869017E-16
7600.493,3.7312985E-16,1.5039922E-17,6.875537E-16
7606.0146,3.485771E-16,1.4456298E-17,6.3120837E-16
7611.5356,2.2852308E-16,1.37246825E-17,5.763082E-16
7617.0566,2.0714307E-16,1.3492727E-17,5.3105996E-16
7622.5776,2.2192802E-16,1.3806545E-17,5.5367447E-16
7628.099,2.2534282E-16,1.4229325E-17,6.2011245E-16
7633.62,2.6572122E-16,1.4588405E-17,6.433067E-16
7639.141,2.2953426E-16,1.451875E-17,6.52043E-16
7644.662,1.8727364E-16,1.4587295E-17,6.877087E-16
7650.1836,2.0581034E-16,1.5014984E-17,7.2664865E-16
7655.7046,2.0696938E-16,1.5488444E-17,7.9546023E-16
7661.2256,2.3345705E-16,1.5952185E-17,8.358961E-16
7666.7466,2.1709337E-16,1.6262262E-17,8.982436E-16
7672.268,2.3094896E-16,1.6635878E-17,9.436925E-16
7677.789,2.3630994E-16,1.6886662E-17,9.747452E-16
7683.31,2.3763758E-16,1.7063085E-17,1.0006223E-15
7688.831,2.358402E-16,1.7339377E-17,1.0532212E-15
7694.3525,2.568639E-16,1.7599022E-17,1.0745057E-15
7699.8735,2.8077676E-16,1.7990037E-17,1.1161192E-15
7705.3945,2.3295444E-16,1.8696949E-17,1.3303869E-15
7710.9155,2.7958316E-16,1.935677E-17,1.4119731E-15
7716.437,2.5836416E-16,1.951511E-17,1.4723876E-15
7721.958,2.6006844E-16,1.9506313E-17,1.462438E-15
7727.479,2.2424594E-16,1.9471891E-17,1.49575E-15
7733.0,2.4027744E-16,1.9203532E-17,1.4065895E-15
7738.5215,2.5693103E-16,1.9095853E-17,1.3542435E-15
7744.0425,2.6257455E-16,1.9138683E-17,1.3514571E-15
7749.5635,2.6001627E-16,1.9284553E-17,1.3818064E-15
7755.0845,2.691402E-16,1.947964E-17,1.4097212E-15
7760.6055,2.7860303E-16,1.9487882E-17,1.3919144E-15
7766.127,2.829731E-16,1.9667409E-17,1.4210657E-15
7771.648,2.4724492E-16,1.920843E-17,1.363469E-15
7777.169,2.533056E-16,1.8626637E-17,1.2196012E-15
7782.69,2.8352154E-16,1.8984675E-17,1.2519202E-15
7788.2114,3.0944835E-16,1.9444157E-17,1.3136052E-15
7793.7324,3.1926027E-16,1.9384665E-17,1.2822093E-15
7799.2534,2.3535554E-16,1.9128797E-17,1.3365898E-15
7804.7744,2.0339772E-16,1.9151645E-17,1.3806854E-15
7810.296,2.3370346E-16,1.9467158E-17,1.4058827E-15
7815.817,2.445365E-16,1.9651135E-17,1.4250614E-15
7821.338,2.771205E-16,1.9514721E-17,1.344422E-15
7826.859,2.6051795E-16,1.936212E-17,1.3278491E-15
7832.3804,3.040955E-16,1.9396697E-17,1.2704701E-15
7837.9014,2.6958713E-16,1.951131E-17,1.3361988E-15
7843.4224,2.5182057E-16,1.9708084E-17,1.3969561E-15
7848.9434,2.7807112E-16,2.0048386E-17,1.4334708E-15
7854.465,2.2775533E-16,2.0140152E-17,1.518619E-15
7859.986,2.8889493E-16,2.0920463E-17,1.6099447E-15
7865.507,2.7194665E-16,2.1108794E-17,1.6724229E-15
7871.028,2.6612883E-16,2.097188E-17,1.6430687E-15
7876.5493,2.489E-16,2.0532156E-17,1.5549391E-15
7882.0703,2.9539607E-16,2.0326346E-17,1.438883E-15
7887.5913,2.6102776E-16,1.9960973E-17,1.3978755E-15
7893.1123,2.2549653E-16,1.9377971E-17,1.3131433E-15
7898.634,2.359661E-16,1.9274986E-17,1.2724092E-15
7904.155,2.5495011E-16,2.0031811E-17,1.4067597E-15
7909.676,2.574796E-16,2.0587247E-17,1.521656E-15
7915.197,2.5831736E-16,2.0731724E-17,1.5476303E-15
7920.7183,2.5984814E-16,2.0922202E-17,1.5822517E-15
7926.2393,2.8012216E-16,2.1265186E-17,1.6284312E-15
7931.7603,2.818314E-16,2.1053811E-17,1.5678533E-15
7937.2812,2.394084E-16,2.009065E-17,1.4014811E-15
7942.8022,2.5074322E-16,1.9493431E-17,1.2490404E-15
7948.3237,2.7479255E-16,1.9230965E-17,1.1546303E-15
7953.8447,2.7676918E-16,1.9658515E-17,1.2373411E-15
7959.3657,2.7555755E-16,2.0170038E-17,1.347218E-15
7964.8867,2.3867964E-16,2.0351702E-17,1.4302964E-15
7970.408,3.2108597E-16,2.0763388E-17,1.4012935E-15
7975.929,2.625285E-16,2.0448385E-17,1.4044804E-15
7981.45,2.3473874E-16,2.1020621E-17,1.5665674E-15
7986.971,2.7375448E-16,2.116815E-17,1.5365435E-15
7992.4927,2.482692E-16,2.0589895E-17,1.4349241E-15
7998.0137,2.3193586E-16,2.0520268E-17,1.4366501E-15
8003.5347,2.1529692E-16,2.0458508E-17,1.4401173E-15
8009.0557,2.3912587E-16,2.053169E-17,1.4153531E-15
8014.577,2.6872218E-16,2.0389957E-17,1.3338071E-15
8020.098,2.3002823E-16,2.0047179E-17,1.3095437E-15
8025.619,2.5443573E-16,2.0144263E-17,1.2875677E-15
8031.14,2.3033536E-16,2.01252E-17,1.3106668E-15
8036.6616,2.1205622E-16,1.9929593E-17,1.2849781E-15
8042.1826,2.5291803E-16,2.0122452E-17,1.2590883E-15
8047.7036,2.4901657E-16,1.975385E-17,1.1784407E-15
8053.2246,2.313122E-16,1.9485655E-17,1.1415943E-15
8058.746,2.3738112E-16,1.9646142E-17,1.1569337E-15
8064.267,2.253627E-16,1.9427639E-17,1.1238875E-15
8069.788,2.2772788E-16,1.9573343E-17,1.1415531E-15
8075.309,2.632906E-16,1.9780525E-17,1.1264963E-15
8080.8306,2.6380362E-16,1.9545327E-17,1.0686565E-15
8086.3516,2.4315439E-16,1.924037E-17,1.0334952E-15
8091.8726,2.3053566E-16,1.9107263E-17,1.0162148E-15
8097.3936,2.3454038E-16,1.9326466E-17,1.0462357E-15
8102.915,2.4015888E-16,1.9318866E-17,1.0296931E-15
8108.436,2.3386506E-16,1.9360434E-17,1.0440171E-15
8113.957,2.23122E-16,1.9273836E-17,1.030783E-15
8119.478,2.2762393E-16,1.9222096E-17,1.0098204E-15
8124.9995,2.44077E-16,1.9206657E-17,9.75306E-16
8130.5205,2.1570221E-16,1.8933607E-17,9.595686E-16
8136.0415,2.0618325E-16,1.8879514E-17,9.559122E-16
8141.5625,2.5657994E-16,1.9311248E-17,9.628376E-16
8147.0835,2.2522778E-16,1.9029446E-17,9.469935E-16
8152.605,2.6758504E-16,1.9149125E-17,9.060225E-16
8158.126,2.0539E-16,1.8763606E-17,9.127273E-16
8163.647,2.2349576E-16,1.8742665E-17,8.7947764E-16
8169.168,2.3306487E-16,1.878776E-17,8.6685077E-16
8174.6895,2.485113E-16,1.8911076E-17,8.6048923E-16
8180.2104,2.316819E-16,1.9035595E-17,8.987905E-16
8185.7314,2.0432266E-16,1.8854484E-17,9.021861E-16
8191.2524,2.1745112E-16,1.8886644E-17,8.8360974E-16
8196.773,2.2740992E-16,1.9149827E-17,9.108938E-16
8202.295,2.2758203E-16,1.9299044E-17,9.273968E-16
8207.816,2.1496551E-16,1.9313064E-17,9.383642E-16
8213.337,2.3179665E-16,1.927593E-17,9.027348E-16
8218.858,2.116286E-16,1.9169904E-17,9.095847E-16
8224.379,1.9396937E-16,1.9197343E-17,9.341913E-16
8229.9,2.2025473E-16,1.917367E-17,8.882267E-16
8235.422,2.2154687E-16,1.9024792E-17,8.503214E-16
8240.942,2.3226827E-16,1.9104137E-17,8.3951426E-16
8246.464,2.0227134E-16,1.9250859E-17,8.987381E-16
8251.985,2.3057653E-16,1.9545012E-17,9.055381E-16
8257.506,2.3116276E-16,1.9641624E-17,9.168129E-16
8263.027,2.0100286E-16,1.961871E-17,9.451916E-16
8268.548,2.2577134E-16,1.9979587E-17,9.723194E-16
8274.069,2.354646E-16,2.0531301E-17,1.056753E-15
8279.591,1.7826769E-16,2.1235774E-17,1.2678802E-15
8285.111,2.1833127E-16,2.2094069E-17,1.3824223E-15
8290.633,2.1977964E-16,2.320102E-17,1.6031789E-15
8296.154,2.735045E-16,2.4137425E-17,1.7239377E-15
8301.675,2.534337E-16,2.3833896E-17,1.6733932E-15
8307.196,2.0423553E-16,2.3184255E-17,1.5909684E-15
8312.717,1.9035358E-16,2.2269643E-17,1.4117843E-15
8318.238,2.4187357E-16,2.1708622E-17,1.216276E-15
8323.76,2.39704E-16,2.0962012E-17,1.067274E-15
8329.28,2.2570638E-16,2.0537733E-17,9.978927E-16
8334.802,2.365876E-16,2.198164E-17,1.2521079E-15
8340.322,2.1897759E-16,2.3440705E-17,1.5663758E-15
8345.844,1.9983966E-16,2.384523E-17,1.6702486E-15
8351.365,1.8893346E-16,2.4061088E-17,1.722619E-15
8356.886,1.947849E-16,2.4418681E-17,1.7820347E-15
8362.407,1.908306E-16,2.4506648E-17,1.7976843E-15
8367.929,1.6642446E-16,2.3239552E-17,1.5541317E-15
8373.449,1.9924478E-16,2.2061696E-17,1.2607206E-15
8378.971,1.6027774E-16,2.1715E-17,1.2413891E-15
8384.491,1.5905704E-16,2.1283427E-17,1.1523159E-15
8390.013,1.8615137E-16,2.2393447E-17,1.3184959E-15
8395.534,1.9309707E-16,2.3286592E-17,1.4772477E-15
8401.055,2.0123965E-16,2.3682495E-17,1.5421911E-15
8406.576,1.8807759E-16,2.381994E-17,1.5793359E-15
8412.098,1.5713994E-16,2.3591426E-17,1.5639994E-15
8417.618,1.8391616E-16,2.418132E-17,1.6410458E-15
8423.14,1.6089158E-16,2.4077218E-17,1.6430776E-15
8428.66,1.4346348E-16,2.387241E-17,1.6135983E-15
8434.182,1.622439E-16,2.3939378E-17,1.5914162E-15
8439.703,1.7174134E-16,2.3744597E-17,1.5307163E-15
8445.224,2.5099828E-16,2.4378277E-17,1.5394706E-15
8450.745,1.8873994E-16,2.35318E-17,1.4477016E-15
8456.267,1.6100397E-16,2.2792373E-17,1.3298424E-15
8461.787,1.5702088E-16,2.291543E-17,1.3534898E-15
8467.309,1.2464729E-16,2.3085425E-17,1.4236786E-15
8472.829,1.681126E-16,2.3076265E-17,1.3494362E-15
8478.351,1.8465752E-16,2.3114982E-17,1.3264652E-15
8483.872,1.9464718E-16,2.3074888E-17,1.2946961E-15
8489.393,1.7214948E-16,2.2045733E-17,1.1232784E-15
8494.914,1.2442607E-16,2.153483E-17,1.091097E-15
8500.436,1.3474106E-16,2.1955881E-17,1.1459413E-15
8505.956,1.4359104E-16,2.208468E-17,1.1457416E-15
8511.478,1.9006645E-16,2.244887E-17,1.1373863E-15
8516.998,1.7987278E-16,2.2052183E-17,1.0708845E-15
8522.52,1.9614011E-16,2.2185315E-17,1.0617121E-15
8528.041,1.9162129E-16,2.159863E-17,9.543004E-16
8533.562,2.0435936E-16,2.117266E-17,8.5720343E-16
8539.083,1.998992E-16,2.1487394E-17,9.07726E-16
8544.604,1.6525298E-16,2.139267E-17,9.328131E-16
8550.125,1.5464758E-16,2.1419589E-17,9.444966E-16
8555.646,1.6430958E-16,2.1933804E-17,1.009882E-15
8561.167,1.7661724E-16,2.197114E-17,9.87458E-16
8566.688,1.2922556E-16,2.3990243E-17,9.730654E-16
8572.21,2.0737718E-16,2.1658245E-17,8.7456094E-16
8577.73,2.1329661E-16,2.156536E-17,8.4157853E-16
8583.252,1.6650567E-16,2.1570197E-17,8.967709E-16
8588.772,2.0940965E-16,2.2152671E-17,9.249472E-16
8594.294,2.296325E-16,2.2485193E-17,9.468452E-16
8599.815,2.5484392E-16,2.2558875E-17,9.134624E-16
8605.336,2.514941E-16,2.256091E-17,9.072578E-16
8610.857,2.4218157E-16,2.2631374E-17,9.210063E-16
8616.379,2.26048E-16,2.2445339E-17,9.023165E-16
8621.899,2.4261236E-16,2.2924196E-17,9.514168E-16
8627.421,2.2369738E-16,2.3481682E-17,1.066864E-15
8632.941,1.8150807E-16,2.3491182E-17,1.1148094E-15
8638.463,2.0602053E-16,2.348344E-17,1.0673026E-15
8643.984,1.7630123E-16,2.3383463E-17,1.0820618E-15
8649.505,1.9241087E-16,2.3357283E-17,1.0426206E-15
8655.026,1.8897797E-16,2.332274E-17,1.0319666E-15
8660.548,1.8747965E-16,2.3370461E-17,1.0359089E-15
8666.068,2.2019181E-16,2.3607301E-17,1.0171811E-15
8671.59,2.4563093E-16,2.3970554E-17,1.0359489E-15
8677.11,2.4275551E-16,2.3902469E-17,1.0192197E-15
8682.632,2.4276303E-16,2.3539865E-17,9.454209E-16
8688.153,1.6787488E-16,2.2967752E-17,9.405735E-16
8693.674,2.3430882E-16,2.3225038E-17,8.835964E-16
8699.195,2.227625E-16,2.3183621E-17,8.8564044E-16
8704.716,2.1945685E-16,2.3321368E-17,9.034214E-16
8710.237,2.2511145E-16,2.3709491E-17,9.511951E-16
8715.759,2.4800746E-16,2.3356978E-17,8.532724E-16
8721.279,2.280748E-16,2.3272425E-17,8.5474545E-16
8726.801,1.9821598E-16,2.3126612E-17,8.642651E-16
8732.322,1.7654583E-16,2.2888405E-17,8.468479E-16
8737.843,2.0334004E-16,2.3322286E-17,8.6815964E-16
8743.364,2.1365686E-16,2.3767673E-17,9.23565E-16
8748.885,2.9750362E-16,2.4801983E-17,9.722999E-16
8754.406,2.2591803E-16,2.5849096E-17,1.2412363E-15
8759.928,1.5238844E-16,2.6579805E-17,1.4622593E-15
8765.448,2.328694E-16,2.8462097E-17,1.6987298E-15
8770.97,2.2854577E-16,2.9779336E-17,1.9558395E-15
8776.491,2.3651063E-16,3.0817722E-17,2.1475146E-15
8782.012,2.0050491E-16,3.065734E-17,2.1503702E-15
8787.533,1.283936E-16,2.9106262E-17,1.9205068E-15
8793.054,2.251232E-16,2.810637E-17,1.5845375E-15
8798.575,2.2548115E-16,2.666335E-17,1.3077376E-15
8804.097,1.4799709E-16,2.486638E-17,1.090821E-15
8809.617,1.9325873E-16,2.5118148E-17,1.0654847E-15
8815.139,2.9291612E-16,2.7681697E-17,1.3699943E-15
8820.66,3.0201698E-16,3.026134E-17,1.8460448E-15
8826.181,2.5240505E-16,3.1252197E-17,2.1027976E-15
8831.702,2.4404547E-16,3.1326935E-17,2.1152784E-15
8837.223,2.3123965E-16,3.1470004E-17,2.152524E-15
8842.744,2.476281E-16,3.1696334E-17,2.163708E-15
8848.266,1.6018396E-16,2.97656E-17,1.8847616E-15
8853.786,2.2129702E-16,2.8148506E-17,1.4888361E-15
8859.308,2.9834822E-16,2.7613506E-17,1.2714248E-15
8864.829,1.7404994E-16,2.6449302E-17,1.225647E-15
8870.35,2.5239147E-16,2.6552743E-17,1.1284728E-15
8875.871,2.1021731E-16,2.807533E-17,1.4417651E-15
8881.392,1.8727209E-16,2.938305E-17,1.7035697E-15
8886.913,1.9334043E-16,2.9890966E-17,1.7833207E-15
8892.435,1.9728798E-16,2.999184E-17,1.7916083E-15
8897.955,2.2628954E-16,3.0516433E-17,1.8342382E-15
8903.477,2.1610987E-16,3.0259597E-17,1.7870998E-15
8908.997,1.7433861E-16,3.0048725E-17,1.7964233E-15
8914.519,1.946943E-16,3.02376E-17,1.7898873E-15
8920.04,2.3215688E-16,3.0741145E-17,1.8253988E-15
8925.561,2.0857764E-16,3.061944E-17,1.824049E-15
8931.082,2.1639144E-16,3.0713865E-17,1.8172645E-15
8936.604,1.4379922E-16,2.98621E-17,1.7429332E-15
8942.124,1.6746915E-16,2.8492637E-17,1.4485169E-15
8947.6455,2.392052E-16,2.86707E-17,1.3693832E-15
8953.166,1.7034234E-16,2.935805E-17,1.5766497E-15
8958.6875,1.9017176E-16,2.9933542E-17,1.6466342E-15
8964.209,2.1421941E-16,2.954122E-17,1.5295303E-15
8969.7295,1.9535486E-16,2.8849337E-17,1.4153121E-15
8975.251,1.8894047E-16,2.833514E-17,1.322742E-15
8980.772,1.6868727E-16,2.691337E-17,1.0965825E-15
8986.293,1.8332754E-16,2.6770308E-17,1.0440167E-15
8991.814,1.8773114E-16,2.7822673E-17,1.1999288E-15
8997.335,2.002279E-16,2.8461588E-17,1.2739005E-15
9002.856,2.0154833E-16,2.8240803E-17,1.2191997E-15
9008.378,1.7894378E-16,2.7616737E-17,1.127928E-15
9013.898,1.4434458E-16,2.6981755E-17,1.0561244E-15
9019.42,1.8045369E-16,2.7225024E-17,1.0317478E-15
9024.941,1.8178198E-16,2.6499719E-17,9.004139E-16
9030.462,1.9983461E-16,2.676869E-17,8.944554E-16
9035.983,2.1799577E-16,2.719714E-17,9.190672E-16
9041.504,2.2942663E-16,2.7503583E-17,9.349245E-16
9047.025,2.0806635E-16,2.7856465E-17,1.0035394E-15
9052.547,1.5993417E-16,2.7971523E-17,1.0696503E-15
9058.067,2.6046345E-16,2.8285034E-17,9.663092E-16
9063.589,1.9311078E-16,2.7864714E-17,9.815969E-16
9069.11,2.5110567E-16,2.7628312E-17,8.4959676E-16
9074.631,1.7387822E-16,2.646145E-17,7.645057E-16
9080.152,1.5122488E-16,2.6698095E-17,8.148658E-16
9085.673,1.9968438E-16,2.7187147E-17,8.071256E-16
9091.194,2.1709052E-16,2.7524686E-17,8.1794446E-16
9096.716,1.8541795E-16,2.764125E-17,8.645228E-16
9102.236,1.8060202E-16,2.766193E-17,8.5641955E-16
9107.758,1.7313614E-16,2.7372192E-17,8.126416E-16
9113.278,1.9179978E-16,2.7585605E-17,8.0219775E-16
9118.8,1.5796826E-16,2.7487816E-17,8.241369E-16
9124.321,1.4021183E-16,2.7402452E-17,8.190478E-16
9129.842,1.7114E-16,2.743166E-17,7.682209E-16
9135.363,1.6035355E-16,2.7103658E-17,7.2464436E-16
9140.885,1.574826E-16,2.7154697E-17,7.216909E-16
9146.405,1.6017357E-16,2.7617645E-17,7.7091454E-16
9151.927,1.5709421E-16,2.788751E-17,8.004273E-16
9157.447,1.848899E-16,2.840306E-17,8.2808874E-16
9162.969,2.0258168E-16,2.8391168E-17,7.943684E-16
9168.49,1.40876E-16,2.7960458E-17,7.9601546E-16
9174.011,2.0429631E-16,2.8407976E-17,7.6568803E-16
9179.532,1.7381979E-16,2.837935E-17,7.8712697E-16
9185.054,1.6736194E-16,2.8457425E-17,7.9373425E-16
9190.574,2.441676E-16,2.862816E-17,7.0219995E-16
9196.096,1.687766E-16,2.8233924E-17,7.3222017E-16
9201.616,9.34008E-17,2.829596E-17,8.3377836E-16
9207.138,1.2822103E-16,2.8404413E-17,7.9949354E-16
9212.659,1.156616E-16,2.853959E-17,8.233081E-16
9218.18,1.7841768E-16,2.8985772E-17,7.969791E-16
9223.701,1.7940378E-16,2.92027E-17,8.264493E-16
9229.223,1.7270367E-16,2.8814926E-17,7.776558E-16
9234.743,2.594644E-16,2.921518E-17,7.289782E-16
9240.265,1.6143625E-16,2.861331E-17,7.7858273E-16
